39.6911150685467	0	   10.8659
0.956751600935305	0.633741873776629	1.47503015742581
0.953275936607536	0.894537731886877	1.03308894273339
0.0114974624182947	0.846963619011164	1.19020051757863
0.966148743050452	0.124865822058435	1.45515704498649
0.422834352993013	0.689626512940767	1.61737051311597
0.113791941206943	0.922547788917231	1.13419468782445
0.0293733525864329	0.0164064144562956	1.33126979018665
0.239251618586931	0.817041173713909	1.05056572022921
0.113420821893065	0.177800478182727	1.42782074579131
0.243698182726184	0.259903488230917	1.48251977633194
0.22914020608465	0.917728978327221	1.25605088777384
0.318425605758187	0.138289403222066	1.19082795319565
0.603048803100654	0.9570620514604	1.21096743255206
0.566114089013178	0.858321188981389	1.00079338461489
0.385996566917114	0.0271762211086974	1.92219330394278
0.40332976489452	0.962239457867257	1.10040426486222
0.514562126375494	0.87804239856439	1.49654381105094
0.532457634377879	0.00694143663041857	1.53453116918173
0.598346603678496	0.0918879831924649	1.02703293059466
0.486438933162813	0.141060925209633	1.69715001615163
0.479036989850852	0.868962979174174	1.76057956038876
0.660812123303014	0.0070109481098809	2.09900639076329
0.802702374028251	0.00598229136811212	1.01116793131403
0.658194139298308	0.0899643922659176	1.29552242286129
0.366335084242404	0.809158568044025	1.58523558167605
0.920373246148684	0.981671508981998	1.11305058322842
0.747191526297056	0.0874601695009085	1.06593999687443
0.844353474363152	0.933241882186591	2.05132951381724
0.677555794194077	0.0685783228948005	1.03250648710293
0.604245886822241	0.900208588944209	1.10764292831364
0.715830143100604	0.721824614062469	1.34213386487732
0.805312854121991	0.935625318729654	1.33005861578612
0.05481031510786	0.759119222423543	1.6679556300938
0.874154703743386	0.951268715327624	1.04596033899993
0.0582059973424812	0.0982647927791665	1.31590401261682
0.969070692297758	0.951732283448055	1.07189714723144
0.844812959088948	0.807999307430706	1.31511735865747
0.0597015898103994	0.0692252850662935	1.13885372387832
0.907545778521006	0.862173841045597	1.11511847798193
0.176435258907152	0.199274382260079	1.88953099032703
0.93350517381784	0.13080548883376	1.40388079453459
0.0797437890773947	0.188280174033612	1.43956954715195
0.346522369410137	0.121375811778412	1.5856233107027
0.536704704653507	0.975906126131853	1.04907310059648
0.35486067911055	0.215401361069044	1.20973677334263
0.268436231136652	0.107880298722242	1.98597804155755
0.400103776845052	0.0940217479990738	1.23398456646977
0.255972786280852	0.141474662340602	1.2753818012588
0.533430537930209	0.354436791901062	1.60133912742936
0.431565384291436	0.102383754386765	1.21589390060297
0.347146129733997	0.948802031333884	1.69745240531398
0.464407630113558	0.16396794142837	1.12667628360836
0.3697823471783	0.974031723111903	1.21244837890025
0.409574547446965	0.851552554300917	1.59911047783572
0.407414218684243	0.812573498380481	1.54943326295867
0.656570991066572	0.97149853260201	1.23619701907011
0.860612777099776	0.0507188294483969	1.28322652755946
0.704923057254054	0.178000334941458	1.08700869048899
0.61811981151408	0.26054519126776	1.18950473477628
0.971608527875951	0.209680942076332	1.18125297335552
0.741833286072546	0.0597650275396838	1.13780504933439
0.736232353918364	0.0275916460577899	1.63808630681802
0.879505426563193	0.0245503612510207	1.53706640062353
0.897199617338284	0.719599225880871	1.27861840368263
0.703997455447977	0.750915323633082	1.28745960123667
0.759956778467255	0.8538642605764	1.08957761533132
0.0965917452887689	0.952271120155686	2.06414444991051
0.50735579917073	0.0414697457469757	2.17364406397352
0.154269701816117	0.0311694515145588	1.09589624841403
0.189861459842039	0.960606110360772	1.0559636701428
0.910498170175802	0.036866208569847	1.15239640622618
0.252580414458745	0.0442570832040074	1.24997899380307
0.205702234746617	0.218231641544484	1.01524040600666
0.288326861504151	0.139840095165974	1.32798206509279
0.43261351901055	0.233808963990274	1.17877745726542
0.273255279691583	0.0675172406974396	1.36218103436217
0.42163662669887	0.0710976585156865	1.47391201199027
0.426876746695878	0.948418231160657	1.04072715541142
0.225511838156425	0.306510623987038	1.37609065446746
0.720211799830532	0.202682277216013	1.388143056384
0.255707252034534	0.317101373390673	1.1172768261354
0.726998380462413	0.114290194260353	1.78280252444293
0.586442013461951	0.152930941082589	1.3990988185454
0.586620804168204	0.840974144814275	1.2279319570811
0.88742550902373	0.495362459216209	1.42998854637896
0.865267508245588	0.178892665647734	1.27060676466966
0.737994705628104	0.176045829295201	1.21362678659984
0.438353816760687	0.921694489293321	1.42453171456787
0.298996646130301	0.991389718343675	1.0545891028119
0.601663947081943	0.0173632998332487	1.68728468682741
0.690330827481376	0.865393399555454	1.89542747757221
0.490844291749031	0.24914287539822	1.03386296547367
0.688743568872578	0.361316257352063	1.6848694767453
0.962922500579498	0.817324855276742	1.41726131211958
0.824486260624816	0.960615851140624	1.15948561320732
0.0284846205105728	0.891952949495322	1.55572842238122
0.764287416114344	0.318206162393529	1.11031944716792
0.0817389966343588	0.916142782828593	1.45509693732455
0.000531725307927467	0.908288671173756	1.28006443406422
0.937786220052292	0.0437423480094207	1.06985232249578
0.0176912075134088	0.133155499514596	1.01385397333766
0.977382285954088	0.246731745585671	2.04890501353651
0.159146886244469	0.806693215399237	1.09139260443681
0.523674578895251	0.171996086129216	1.64842551623952
0.142160632581961	0.0906626765371149	1.35700920070227
0.829415541761994	0.0282507291369771	2.09940122623784
0.418944730757098	0.0139923351888671	1.32436211457424
0.146199236982366	0.18068792769987	1.30267200102808
0.558573868723066	0.224851783707712	1.43596910996322
0.364748146363619	0.0513441136027048	1.07030662172861
0.39216889281909	0.0617833783248254	1.09161601030624
0.36625884017762	0.084124322446783	1.88570708019357
0.544558342375713	0.389628669193423	1.2625879034826
0.510086061308498	0.981637793297767	1.15166599545986
0.491292195665129	0.280470927116643	1.61775681413269
0.382772002865236	0.229021312013752	1.41416923255833
0.642050483093462	0.115153652660971	1.0175990757359
0.859088384875217	0.270962390608404	1.75894601821071
0.820197236563615	0.214660701994392	1.63881020968619
0.835536115280379	0.0954260065752997	1.0365498535454
0.538394961222822	0.106172093272919	1.99779613979862
0.970917667846375	0.0963253362035287	1.07985058473887
0.631625192794711	0.955955847508965	1.09900857771673
0.753183401849304	0.202629696852829	1.23607266800467
0.61788615412675	0.202997122950957	1.04439214942315
0.850377821341521	0.117022506491572	1.01801467201534
0.952980079537643	0.979495148259465	1.26856733113107
0.721237427634889	0.0822334671098186	1.11853632831715
0.0770233631512441	0.780789137971716	1.03665979686438
0.113162407167923	0.0655521373519696	1.93806889087704
0.979591169204566	0.88602110965168	1.16117047392581
0.132347966636365	0.00583995328942093	1.91138684125315
0.972169369238745	0.0389255049824843	2.20940358147099
0.958440247449528	0.155214736989848	1.12374589836589
0.892512750293796	0.0856365830627315	1.14060131113133
0.124569068265971	0.973770463375585	1.01203732493476
0.123228466361371	0.851506568587973	1.30824406659518
0.167420777131582	0.14961421030824	2.1343307817517
0.329900268535825	0.238289538833282	1.83174861547001
0.217880742607146	0.191302787272775	1.61396117054603
0.305101675016299	0.361886429914672	1.15378007296982
0.491104352695799	0.222410485076908	1.04234900622653
0.202770930801599	0.097742297759556	1.4246300930942
0.337046041829813	0.338917407699316	1.89090560744451
0.50164779427662	0.00817646452153916	1.01455440004133
0.521094474668296	0.231115518104711	1.75355113053376
0.743263019800802	0.956608415340934	1.04883569688522
0.357303863444861	0.424923940333895	1.36857586359674
0.407804024834126	0.242346215316772	1.01305234930707
0.762723096016753	0.975164983449833	1.10584932023504
0.476952568175524	0.321607588520419	2.13780313219941
0.615601988485701	0.156940582266488	1.00133661745546
0.503498234129109	0.112975921295437	1.20302145671785
0.553594500430053	0.0744225631399342	1.22961903574439
0.973411836991606	0.178401308274067	1.04369122750132
0.651104445491894	0.211104837153292	2.10781602075384
0.623906348909655	0.986200854007077	1.60428811617176
0.689622597006163	0.977107673916329	1.52791092680164
0.798239389056717	0.398012970266885	2.17960187658052
0.159568757468321	0.973569789402977	1.76627088595233
0.0121793734444935	0.0443311129984716	1.54577332398511
0.862701995239698	0.0843194559537099	1.50186452185052
0.219990764562922	0.70793646342466	1.07053586009419
0.246001475991711	0.97760119572799	1.75597602643981
0.816817363743411	0.120881637194367	1.85824247914533
0.155412092393334	0.228883694742992	1.22819141330005
0.180918882205308	0.0454566377411465	1.55070332305591
0.135338096963023	0.94594789308444	1.44527157640893
0.932106747886593	0.159389056918415	1.06107405075014
0.065288245757037	0.973664722493761	1.45500470815183
0.170870992616564	0.936833352975271	1.49884117300331
0.448306773393444	0.011380945997515	1.22225284212499
0.358605683405306	0.485156986330315	1.64994015167257
0.46506103719307	0.263460837293282	1.07455984318735
0.412089399912454	0.209629623614358	1.45940901126623
0.250732592963572	0.36893469703055	1.01643350741076
0.603721742872742	0.409916213444945	1.80194055924104
0.697652173086641	0.127558306322334	1.00840707647304
0.589909417673183	0.214153954344089	1.26084922210555
0.474759454648408	0.0256322661597509	1.25640475628422
0.511474050300207	0.330975568649204	1.08254629701556
0.567167041212628	0.0153082373471198	1.33226325701434
0.430495113992854	0.26857881383736	2.02736841343163
0.629705352003483	0.179089217348457	1.02966169243966
0.521579651692866	0.948092700686687	1.71713442882025
0.455991598891925	0.0805482969959856	1.58650204547695
0.889213156708866	0.0569903482862312	1.0861153940579
0.598652480037613	0.288740286841282	2.08714103997901
0.673777268435264	0.393071898159247	1.29433637766233
0.699879502098101	0.0143120537672554	1.48621933220282
0.941363971617441	0.476237410734455	1.46192865804519
0.942953806526002	0.100415031499462	1.08066517461507
0.827039596194846	0.990261289445615	1.29412804896437
0.833243800811264	0.180920918146393	1.35681124085069
0.0193432855031644	0.783246694839642	1.7390601880552
0.87313282521073	0.80801656442807	1.02459130778108
0.810009386692604	0.866241599186322	1.27420958953716
0.833101985912854	0.0665766874916514	1.40863032814445
0.169415738357525	0.109772661337568	1.4362332614065
0.202739796002755	0.0671312478713275	1.09248558113524
0.028560766739478	0.077747598773803	1.71006151811933
0.266814752325644	0.229096732120401	2.12694062670771
0.360857014995114	0.250994137591771	1.17985613316709
0.403938235188374	0.17943483344553	1.06621290652326
0.58407021148249	0.250269004380976	1.47467694578152
0.160844830447097	0.486472326326983	1.18576283256643
0.509963001060906	0.304185495408618	1.04940828508055
0.342797370460217	0.155727851301619	1.35041119001985
0.235484347158666	0.340803072986959	1.66625033103965
0.341982527889702	0.2734207053682	1.17884484332573
0.431417420314313	0.98017012645853	1.77791179790869
0.552816755404468	0.464913033900995	1.6223126961569
0.384744277355368	0.367156525694022	1.02353908113736
0.646272323841495	0.578384541731641	1.27733159111272
0.640864269139601	0.283634902429317	1.60744952537217
0.777460160010211	0.908422996034135	2.15923938662009
0.609523329906141	0.123130802233852	2.06217837871916
0.674967898872064	0.295301552034772	1.4692040723151
0.535216072541516	0.202463806237906	1.09636319981623
0.726295312487989	0.274426224557647	1.11680381701385
0.66710035362053	0.266630012359396	1.00570730977351
0.643350344544062	0.146247401554111	1.49554710212054
0.882531275801049	0.9839181691028	1.7753013547571
0.90535105082294	0.138896372662983	1.04880214813845
0.793738628062804	0.267699383109946	1.05637749841158
0.851789533968695	0.970515365504467	1.11533221821942
0.979616113693152	0.850743551442296	1.64909835139838
0.944477283524978	0.188283359163191	1.60769506716332
0.689334190034151	0.213986764144128	1.34721830467848
0.0669219304854208	0.0150249661285322	2.21264994062017
0.915804568433169	0.209057313157037	1.30234906285841
0.231507363202762	0.225222204573743	1.13985917557158
0.0413518494889834	0.989747111286302	1.0797701580389
0.3104207803776	0.271046755560486	1.49336763946519
0.0720802090354074	0.417044800660172	1.01624764211022
0.275285102442207	0.345350775304979	1.83854085138779
0.345095605001101	0.396857587064181	1.15820663655609
0.204890660327654	0.331555604258588	1.16643153567578
0.310295020189925	0.174564340893138	2.01681008270705
0.193747836413345	0.171363690149366	1.03133888182864
0.379535613570279	0.154261968051878	2.09295210765903
0.445215617833877	0.134427688780101	1.85882565563071
0.496672926678873	0.413190661197875	1.4491675174097
0.772867495336027	0.946558591438602	1.29257452916771
0.399144072163842	0.319538017207605	1.21319346305328
0.526893212516032	0.411978438993838	1.11532450287287
0.466864846038528	0.35574844751693	1.18678542007496
0.776619938675299	0.0712811547337574	2.08473786588564
0.772722011798584	0.171652910965485	1.88163976148626
0.809856354120665	0.156787028724317	1.35920623366869
0.886548034992335	0.296117475404638	1.14599650920058
0.850169411196968	0.204357136306244	1.05058789111687
0.0675036185388775	0.258215717257637	1.3110166741641
0.902453354467407	0.174527198653199	2.16993498713412
0.622702361922406	0.925679208159629	1.6087088376113
0.784520602376138	0.208028497401897	1.38306756505211
0.637767207522229	0.492590013864461	1.02831128400526
0.718732135930623	0.150799395129922	1.57416496085193
0.177567199559435	0.335616645659563	1.00231794401673
0.934805764052354	0.948328040630097	2.15021925263332
0.706003661393903	0.053342025504204	1.96415481922567
0.301989753745917	0.212806901247809	1.44323352223836
0.219223013159959	0.27831081266247	1.04860806071686
0.991298845444989	0.150793879336423	1.69794614984735
0.991447044678301	0.0748653916119828	1.49084215416907
0.494112872140688	0.0822624480156689	1.70376304497602
0.324904769310341	0.0895678544932994	1.74884573202926
0.796300814145019	0.473202526097511	1.28407885249687
0.190353819241312	0.989120310800016	1.20943961949011
0.515180522380424	0.261163393471863	1.02838850023373
0.586497644962033	0.44770882857444	1.36879168645271
0.579480418660004	0.0436641070580718	1.22898112632743
0.492913743027769	0.171749346235664	1.04202956170246
0.415124295438884	0.0425857985446445	1.06357942744895
0.432147625122046	0.312804916534169	1.64885802811567
0.678813350322309	0.186860590695326	1.16765318585874
0.219665552626421	0.00324199943933768	1.2184528894272
0.877815433217887	0.244367894403489	1.04229104675492
0.739918568501444	0.251963589885341	1.02034782670824
0.580857433276788	0.0718399842644137	1.10268338557437
0.965178577140086	0.279570148048524	1.12678187315448
0.890402190309849	0.26870276137459	1.06654078020992
0.829984454257945	0.391787092204453	1.03355994147299
0.645512342051546	0.248317052526342	1.1487561157554
0.033387055008751	0.212191991861839	1.15561514818482
0.828335017327181	0.328612205153856	1.07795616095783
0.820963732005805	0.294688298404	2.06598409200263
0.920442844270764	0.0704340776053695	1.7271879914298
0.99892445388814	0.0137973049395271	1.13142277299526
0.809267173628835	0.085867142095883	1.17266329573712
0.943978461996043	0.226228428416566	1.5101997461907
0.979942682690739	0.304624181170233	1.17166679544637
0.173591230216424	0.876475777145056	1.0171947415807
0.215345818389585	0.249150742529562	1.18369529429059
0.04897609168048	0.129893699171966	1.57481413887768
0.971900858825839	0.0028325807836281	1.22117600749966
0.0654579877600979	0.221603327798404	1.77686205187086
0.297199679408772	0.480215358596663	1.24707523806869
0.111396560899442	0.444085627058079	1.1578140609833
0.183536997343179	0.501792005289144	1.02978233445344
0.428617809393631	0.441220023727169	1.41472265628526
0.394209175877045	0.423869071004119	1.9755636384581
0.375206367560485	0.604430741255354	1.32450766443007
0.531589745521117	0.283021036776701	1.29658628473784
0.519803875600115	0.138479976714716	1.24417075924894
0.640872563745282	0.438549528759146	1.30015576523909
0.650934550629722	0.372216568097741	1.26994020798383
0.881360847125187	0.117325400591918	1.70588362835072
0.10798004541211	0.138104417984565	1.59652984056434
0.730432901568087	0.422899486043959	1.94862717334319
0.73124514461586	0.36078942367874	1.62059433897747
0.654915154355211	0.174312319372548	1.07153906941759
0.803960272496057	0.185902935130211	1.12132591472476
0.93000725164207	0.617268144295677	1.14336798138917
0.736678111618872	0.225470430850963	1.02127033086118
0.936610265116353	0.339562988305245	1.16631539016967
0.953194259036675	0.560784088555875	1.01149381742792
0.692293657342971	0.0954909437207406	1.5993374650443
0.127301089118996	0.317362176299589	1.55783774750165
0.0900405226705871	0.161222601408165	1.00067208508005
0.941149872462395	0.26219695939623	1.41348802374839
0.858815417249606	0.898364183737116	1.37873366319734
0.887125604916694	0.457482296560332	1.94976979975831
0.270968876395575	0.455201120768487	2.16579313683153
0.168991981255045	0.407669434226819	1.3242301745962
0.788947333863988	0.104543746962164	1.05811136071831
0.13452703978473	0.247666340088682	1.10177460158273
0.286140439064245	0.301035520773364	2.07585697393399
0.116325042448184	0.35287443634213	1.54763617546221
0.435654746686544	0.17894634840382	1.76052452334004
0.137030945433187	0.388587100530498	1.95977140945093
0.425640104967944	0.408947920473427	1.17606797521601
0.24691207599432	0.202303050200707	1.02669267624178
0.497060380131607	0.499425724494124	1.70578549887495
0.443916359547762	0.209310458847507	1.04072809604264
0.388808266848541	0.2653809757537	1.52867053223293
0.562279103273065	0.493479532774966	1.02886601804984
0.358803399021267	0.369183276797733	1.07717047257617
0.48471782575501	0.44118702364578	1.0642994706702
0.220054972413167	0.367993163749893	1.19473346088835
0.496736358257692	0.355745859124862	1.34869530805247
0.623923361161305	0.311002150648587	1.02510343875105
0.763880875631349	0.235043341116942	1.48621640553831
0.920824414464154	0.45486986166847	1.07650402080469
0.750911296529314	0.14310317512101	1.15972895510109
0.90731923763388	0.594388389505179	1.67927980701286
0.0645942605412096	0.299649139250531	2.10905919048046
0.857330880853109	0.307172380632089	1.39179354286414
0.0318015838019939	0.33044898813643	1.31259562424898
0.110238570616477	0.102973630989991	1.4357102361105
0.0281030388916225	0.10839230585579	1.05461577309456
0.795538493766723	0.331353916156719	1.8164391214913
0.103070225695907	0.0268488151847742	1.24982094747632
0.806804810147947	0.056547912641893	1.01915896815594
0.947026864318698	0.436436596378793	1.69100737094979
0.988599050982487	0.974704475418709	1.61981362206954
0.0780380832361663	0.137257844495975	1.00400104669845
0.101803827211555	0.244530883648267	1.86461412474667
0.183780435465663	0.547812527086429	1.50698838148475
0.206153664477284	0.420842315910029	1.4350140421446
0.297387910313197	0.243933054030029	1.07370656888692
0.31388942765399	0.394050149119567	1.33140552779499
0.571137566049581	0.308496492108375	1.17265033367669
0.305279936274692	0.330238800550697	1.14539830620271
0.627636020480522	0.344039129529512	1.94565448399529
0.404503590296664	0.386646186359678	1.45120290263589
0.518521649023943	0.444478714678176	1.95300810994478
0.546760926315602	0.25482187777746	1.2370205583019
0.509580890464242	0.665779898439052	1.51459142190141
0.262651045876201	0.571451587776092	1.47366252405403
0.404895532664602	0.292043304007798	1.12091878470535
0.185728457175146	0.301086721511157	2.18339855694384
0.485510984276099	0.596377769748421	1.67575332826514
0.732315682536111	0.500148578687366	1.35231248020333
0.674897944263866	0.241150696028546	1.16000194845373
0.0481599180585503	0.188667627679036	1.1075919537452
0.56939650609908	0.338630698747217	1.40282414255461
0.49418499946871	0.562154851175244	1.40912353653693
0.915351995589994	0.283356325630114	1.37472583331307
0.764191626713071	0.411652725135496	1.287225086524
0.963509453085401	0.330126525221061	1.0207348583299
0.856999477069671	0.511438590808568	1.4880253738994
0.877731596029434	0.149592444894161	1.17398005031962
0.106692615307377	0.499349600553447	1.39644589428902
0.970895448850299	0.755906658491166	1.10953532403932
0.990902908274952	0.36905883814204	1.38730179989482
0.762589356076184	0.269580125921895	1.40688215428329
0.955009880072297	0.0724187009471191	1.33587412646792
0.0283663224746733	0.162415561802132	1.62619092478113
0.251851695191323	0.289115903485357	1.17439322734226
0.0979253026054035	0.211342974471349	1.12211439860462
0.415371221652018	0.152750476979851	1.21364098280301
0.879966429130854	0.370198637464009	1.04146760861141
0.31574191076386	0.50266632242135	1.12938600995598
0.285681624362579	0.597144263780764	1.10676167054925
0.188371942897645	0.470806707281609	1.57818288177175
0.517485732774825	0.582982724002192	1.04936427388035
0.276049016774355	0.193350266781556	1.22263807557337
0.412154601041382	0.349388524363341	1.55332400285822
0.352589104835717	0.581325993170702	1.18932140693494
0.194034616778307	0.26870553950541	1.05490702513231
0.552170792455846	0.145529320842266	1.66082825342503
0.459404417209448	0.41685379912402	2.12843403649027
0.710745572122977	0.337138941884358	1.06445193182624
0.823382731014227	0.254138704245811	1.64246668108574
0.648438220511491	0.520291205283521	1.45522463940407
0.403862679404546	0.600038115574678	1.08182648613482
0.945252668499259	0.304658144139335	1.76324348320823
0.712304352959071	0.304009438720714	1.70488325071385
0.926117449321815	0.648299826134099	1.37495698351459
0.936429157732115	0.371984193976257	1.38177218013856
0.0377405359899465	0.242560948679461	1.30347762498191
0.737422645164555	0.327239764449834	1.19796176060914
0.072874998798578	0.488224520007316	1.45457408926531
0.790120849918425	0.363352825967073	1.09593705530019
0.782962018243805	0.295711436036491	1.39110138463703
0.929747356633145	0.57260353589518	1.15006397395443
0.998589600834644	0.110321826950335	1.424030368148
0.821634898898238	0.361792770343458	1.48192020340282
0.277391246013032	0.165332795363359	1.05878495864253
0.993894354097345	0.625436612406919	2.09304264436777
0.0396779147241335	0.273463655512139	1.28187217711814
0.14960421689932	0.29482290468444	1.09919831328857
0.178797008075182	0.437807825369518	1.28321690300366
0.276409204014767	0.265716105448129	1.22851185725409
0.103022658315379	0.413672135008937	1.66842997685926
0.168524301050049	0.374578549802933	1.17303197826613
0.575725939789945	0.392629425047128	1.06064818717261
0.547264449624367	0.754753312899326	1.16813848986867
0.444130687264104	0.860302580550387	1.43727603728654
0.336104206091128	0.645690597354125	1.53500767314989
0.613289319020722	0.473478380745983	1.75504353159501
0.466456418604396	0.790903455058556	1.08115721537312
0.406605349447427	0.511200602501762	1.49473328546865
0.525175323375237	0.0726308469953399	1.11610690734365
0.817766005273009	0.452550218177271	1.04859954231388
0.563177316968158	0.279684129700976	1.19906796908131
0.70268307655468	0.502787640637291	1.12934209715508
0.562733824498347	0.367753601259428	1.19411639204413
0.373628980330049	0.454738826841524	1.37039479428081
0.76909570841058	0.463803117643516	1.12844605809041
0.869409397323678	0.545415382274071	1.31902894120938
0.736350703005075	0.465048271247684	1.77749697088498
0.967482762355528	0.461381812015711	1.11374813420965
0.695791545467712	0.272179331679695	1.23163229144
0.931991993086437	0.678958712796957	1.23564715579191
0.848063191221988	0.41321121760799	1.34588610853852
0.00332908564153989	0.193711881203932	2.09457773575519
0.909820512816494	0.243825456056633	1.74964103008032
0.138777003416459	0.123848221666265	1.30413248206719
0.151286786783946	0.349110260071362	1.44123870100801
0.15701523396919	0.320394722025547	1.0176612636203
0.136880602615635	0.501950660376343	1.19055749886331
0.016674664326195	0.355233307497159	1.00737267477148
0.967534876357036	0.398091669062138	2.14476311324793
0.463614649695487	0.233814155306799	1.52610857572631
0.343251786399966	0.452370662854868	1.03151679340799
0.295820116196539	0.422153125087714	1.5481828608622
0.458306383278698	0.291056352770282	1.2262208277642
0.391106585109263	0.484341722869993	1.09138152017586
0.269450165902935	0.814074764136072	1.5013830959768
0.706752342433706	0.44687485630985	1.080717909859
0.362023974008297	0.768187498637199	1.60877574119147
0.433227366878126	0.481197234242085	2.18591066023626
0.550118333953989	0.668305766243452	1.88858007728114
0.493710672606739	0.467179933719598	1.14125240657593
0.564975948377263	0.185852944299434	2.09822641660701
0.616940512895334	0.231296552511858	1.39316284127523
0.851063992669159	0.233712435633178	1.32593532652497
0.617043032098321	0.511579115302605	1.22409587010201
0.581630002420248	0.475725488372286	1.0067783233214
0.663459082893413	0.421503822566418	1.05736500575448
0.585615295930558	0.608151211393792	1.48999634613966
0.872412833761074	0.396829787012032	1.0366001639143
0.19230592601067	0.35733366574652	1.14519600338242
0.709359657430417	0.389883263796133	1.39580443681524
0.0143095691380456	0.437738450864988	1.40343362350353
0.640350609634104	0.403990920883938	1.42861415560372
0.126950441808037	0.564836343092952	1.0189160626585
0.115232462976408	0.615471597178916	1.28281729414125
0.70996971365521	0.242166883059742	1.80278549166218
0.90446913392586	0.391281749793306	1.942048524956
0.00871091264154712	0.229670265156075	1.29899508286046
0.160056832325881	0.266205387411375	1.49873454458042
0.2097948495968	0.44971103630835	1.09284531783437
0.0432910624402202	0.442148725946696	1.01605524035949
0.884693490035748	0.324102858672858	1.08627106577508
0.0823901630355739	0.358431436495206	1.15638020399449
0.0927445571212634	0.328449090282482	1.35797308615105
0.403729250045555	0.459230145296851	1.13249161374067
0.385891738144075	0.573365898050286	1.42955069356574
0.534587983413382	0.504252803085847	1.42068258774242
0.494517869918516	0.633185825267825	1.50981843700375
0.375109473283265	0.513393834405261	1.16407252613864
0.597819158666459	0.325900327833435	1.17230205688696
0.615417044266985	0.589484238408357	1.44505047839248
0.624213856565278	0.550031433659038	2.02586768920296
0.661257569421091	0.344570482147301	1.13465562161389
0.539919642419375	0.315995040530315	1.73217670302702
0.366787534118271	0.299652020267341	2.14511294235649
0.829545303124036	0.483633803462794	1.82488367053103
0.715529582757173	0.530591920575737	1.54590118215814
0.725591030543961	0.770337547521969	1.14924438813249
0.858274667115161	0.34486588898452	2.12160236492319
0.613775689389975	0.440642889268496	1.029425160262
0.372204418625681	0.664019473949533	1.83998768267388
0.821265574642835	0.425605597797406	1.02812272880686
0.0309824613531405	0.629770233416276	1.05996412263056
0.924332915529389	0.512703161595303	2.19346846636144
0.763000529834493	0.347055327929922	1.28529715328055
0.852598492018578	0.37907080657583	1.18087445070179
0.123539429520022	0.277599763245559	1.51675554450584
0.0120494555987334	0.260717186313777	1.20094094270336
0.99137571777004	0.278498089737864	1.03653935081938
0.854886339279427	0.00270007730634924	1.20753239106138
0.867222347227928	0.636435593960802	1.48333625581562
0.0731660750796897	0.388585246283269	1.39919346497721
0.229403760798184	0.583465398965393	1.23052528032918
0.208981136470328	0.493239054736927	1.05507268971093
0.196489972858649	0.388454366067667	1.53560268318273
0.247109025677189	0.647213810914508	1.38851792886802
0.994294597138266	0.334036611314074	1.68608275288029
0.313887354409698	0.535578358762815	1.69960152368034
0.390233807153786	0.692804006026882	1.20811317655251
0.443175345256073	0.341682720168933	1.00678158174814
0.474703547666431	0.659627556717359	1.27900522239326
0.440815180829683	0.376228958994578	1.88103554278007
0.398115453974172	0.631643607730073	1.63891784156429
0.495979854724964	0.791101493212901	1.47255047744308
0.559907226129361	0.422727617457613	2.03710558656145
0.61762445330394	0.723630043528714	1.72652545271833
0.485356010897258	0.698535363679039	2.21345438353074
0.739348596552941	0.391437761051926	1.08520196568504
0.746043639580308	0.29638930225951	1.17801645183564
0.436665533422676	0.649643475366007	2.18601463910845
0.645673620917496	0.466526168107719	1.02999394116976
0.622531698669993	0.765327803306617	2.08234787440733
0.448783584266867	0.708360250087242	1.18707704738284
0.912038029578536	0.480024451596947	1.01506089923086
0.902975535294626	0.554153374668383	1.52943582725248
0.0856227203373486	0.522512157365628	1.28369747029767
0.129101177956504	0.211015283928913	1.66477871177581
0.00201397450351575	0.408501307252483	1.10222362398641
0.911094256094547	0.427283638686937	1.40463662289258
0.95667091607155	0.59422275092212	1.89267059024245
0.934088636901186	0.406120345946046	1.06523622928073
0.198417949549329	0.729486179915234	1.42929137604479
0.131745839612708	0.469570354718242	1.67150964078317
0.986649752714427	0.525118834118322	1.01749789303645
0.794895839109245	0.238673912080024	1.24091156825457
0.904646622982854	0.350611855920725	1.56666877520672
0.100887797339335	0.299626240552986	1.15909077239455
0.185168874182453	0.239668849066896	1.68726687290309
0.095657567577981	0.552139422135665	1.15646485088162
0.153049164014632	0.556089639687982	1.19790774504002
0.671879009139606	0.766208480761835	2.11925714313172
0.263041795947771	0.4181931606449	1.30616784186278
0.328030839722988	0.477332144453632	1.13440592221539
0.670941621768617	0.490121030182035	2.01847092415959
0.365263002162536	0.632171346284314	1.06889891056467
0.582274008019094	0.752140347010488	1.60618387119396
0.190214898728643	0.856393401491199	1.09682559154734
0.459099046428401	0.45354416276077	1.25907242787455
0.463577529194842	0.568987940950177	1.17595926104008
0.622565891097823	0.379990846522583	1.0542509439225
0.521948071968915	0.477609084220669	1.06466036915968
0.703116173989569	0.474258521118964	1.24374534966084
0.377424990128711	0.720407252792629	1.24724529299397
0.592633874731321	0.532317798846772	1.35027611986214
0.879306266704967	0.608387653759253	1.09030474121059
0.758534945980775	0.4396066495594	1.02601347657419
0.875597764632103	0.694493261112713	1.41916994202918
0.841316017905719	0.537694880907732	1.14278175478593
0.942769352327948	0.747206043043342	1.4013157757077
0.0460163281178209	0.365096249399537	1.74154634683972
0.964585199852196	0.727750302099594	1.03929707658851
0.255132093041846	0.753734348505078	1.9164959987191
0.10463195469377	0.79304391099227	1.3589320250365
0.214548240169392	0.658335132963653	1.48626496793412
0.878348277309707	0.42360950994646	1.24070922596409
0.175023296422428	0.578577312152144	1.08792954940952
0.0167064535973746	0.383057270368363	1.1313684778813
0.235501861482269	0.397764252479537	1.77294473070621
0.331438169692773	0.701042241658529	1.32071041871885
0.37366805157258	0.394571530266621	1.09452675431015
0.463126784596307	0.624604120176878	1.2874824652237
0.278628028846435	0.386413824588033	1.73929877868299
0.326278846214121	0.302843665611828	1.40046463930212
0.0565519288352469	0.622212042268674	1.05337613068548
0.513920418258683	0.610238303788758	1.05838541032572
0.342044389345839	0.675181966282114	1.08339682597194
0.459853388031965	0.949995070330432	1.60599356750813
0.44567229750838	0.0435833214856052	1.46101825961357
0.434911136276493	0.739939194274057	1.91291586543647
0.600482904097978	0.69490525837722	1.09697689085757
0.231629197449968	0.472251382631631	1.63184943613042
0.474318491525675	0.533414508374489	1.65003111159789
0.692661992882094	0.419846891036103	1.51525748315185
0.565317281152481	0.51994139058862	1.18541600699481
0.674135647420253	0.451138431408045	1.54354288581913
0.617806468612258	0.626053876698687	1.51518126779962
0.627062535625843	0.694078380255882	1.02133641824093
0.886184556638381	0.754374578951038	1.93319254229352
0.676306644686773	0.835688060702583	1.08489528204046
0.0120162915200148	0.570327407880513	1.09365402409316
0.0803485544581466	0.706114611794135	1.44225631861807
0.85201053280697	0.669189737354767	1.44015505634405
0.917393740498596	0.765964942587002	1.05843958922465
0.9821768006986	0.433952205639967	1.24964140950814
0.129137107306786	0.816977804490217	1.5818842281983
0.062111942282736	0.161094731810665	1.3676419619864
0.0624513884938813	0.335791977383843	1.24966293427578
0.074707322463693	0.44826225844198	1.88512354090929
0.930342152592962	0.714187816039058	1.42543032748672
0.285399381286737	0.934278273089425	2.11170769985328
0.277338966510565	0.543048545231114	1.1359054053577
0.199055128041467	0.599548830662938	1.51544997574143
0.392742065264443	0.541446237384582	1.2567812346852
0.360744766880092	0.696925189106425	1.06752369702239
0.260034166468529	0.491188040656601	1.26282219612176
0.0906924309723826	0.275015752712614	1.02562906248803
0.512858441874833	0.383833072096634	1.44747206466752
0.469754123919112	0.478822415118909	1.05323337960754
0.279950797925783	0.842938197419556	1.15788429385602
0.783378743375548	0.525707564571356	1.23593753997317
0.511349287546964	0.819334217325527	1.31444117675026
0.68408375213476	0.326266999984814	1.30910398904555
0.387647022827597	0.902755431298537	1.02197994796759
0.752430984124373	0.663157152648833	1.38804421682055
0.447242575929979	0.771720032778774	1.07663996348392
0.540797527084713	0.536517718862208	1.33199564311574
0.59459052580591	0.366455988001621	1.65448060198136
0.0692084675549679	0.544989609959618	1.02892176017748
0.239659299273351	0.683440333307381	1.43434561445729
0.0829370927385526	0.607478988516805	1.16825433599339
0.812838595311854	0.674235079333168	1.75383679877217
0.79899503731435	0.501589504389159	1.01159546999485
0.101439712748711	0.667979065135587	1.01623221350735
0.764686556948268	0.378568142164427	1.35505905998089
0.0159071998989376	0.298774229912492	1.85128388658983
0.0162860413128846	0.65303071784314	1.22273583449946
0.819194333757107	0.582925798012756	1.08543446424439
0.963008195601613	0.357174568778157	1.13296170730687
0.0095156414784701	0.502358995440883	1.55368743356408
0.326613119935303	0.763382878955052	1.29921275061529
0.023057654998253	0.746966305263921	1.30466726333667
0.0573480018953067	0.940812438226628	1.32956472652254
0.103821522664597	0.583612748548374	1.64765891678289
0.170372282297671	0.609577134588319	1.04130936811198
0.320561288027402	0.589708507995798	1.13886203041161
0.374765931032637	0.340031614782954	1.52997074766161
0.0749059507244515	0.810834155546032	1.57856463417667
0.181601811710074	0.788337569350416	1.24929118190775
0.572586484451016	0.580575547287763	1.03040777315716
0.509326912509704	0.530875186232931	1.21740079191184
0.446836814055415	0.547281122218335	1.04779595657239
0.478738570430953	0.384160264844458	1.21237399886537
0.520311184820137	0.693755798932943	1.06538779038268
0.263498557758512	0.869799161240586	1.63660871270216
0.341578808639813	0.915932879758409	1.04715419092443
0.713784057603652	0.584456201216785	1.82947842697744
0.589579778537385	0.501220206415511	1.1465093543556
0.789910287022838	0.438595690164326	1.5921356806724
0.768707608619069	0.605799146390214	1.72992682721058
0.875299233762515	0.577569258500481	1.38801871529207
0.809600734422408	0.550353029329123	2.06022988665506
0.845947687688459	0.602593697851295	2.0175216887719
0.848315130974685	0.447568921909562	1.55126586292284
0.955143241921251	0.663314618902598	1.05520556761107
0.890094632194621	0.525087684582147	1.10059975876284
0.993488993158426	0.700957951476886	1.18105095631391
0.0507919469637214	0.790911582666341	1.09059862959774
0.28049835047568	0.728054411905696	1.32855327301434
0.970681636660492	0.497498098343111	1.66037800566438
0.0750344383924444	0.572131694628813	1.09041321306201
0.0383547742121181	0.8600174584327	1.29687415079768
0.159750554439388	0.457706861964024	1.02329232377857
0.0368128833196656	0.47349594411556	1.84673733655793
0.0484683044512497	0.517869014542081	1.99609789801107
0.282202089061382	0.897451552449316	1.27835239222017
0.341870336262949	0.512827119179182	1.19662270187988
0.420834087307221	0.539726826928028	1.14642342365169
0.331874769725259	0.371412147304438	1.1311854655245
0.356850276693799	0.545273037351494	2.21081892483998
0.191459326837385	0.689557565825976	2.18195078463969
0.303974836873662	0.0613551925900034	1.15883179822971
0.464350605078891	0.503857620224234	1.07954140849973
0.384729987237028	0.833819317084318	1.1465135078818
0.440571290130274	0.518639467802243	1.27685775328003
0.58733995805728	0.927078076539033	1.4089618636764
0.233226581051701	0.507571376237675	1.22759419687599
0.676321616372206	0.802835600639124	1.24816227960494
0.583591997940794	0.671665350570778	1.06705416500102
0.521137615904567	0.556203960375536	1.01075370192397
0.734218694998252	0.556484511524405	1.24932577980999
0.893002588084184	0.662322167511881	1.70749235112711
0.718429543252751	0.887187395849507	1.13237089747511
0.0176326158164154	0.682500148456428	1.29006095985026
0.750447107544422	0.527416532000538	1.26619894261021
0.678284760183889	0.581551065561419	1.28761198041522
0.903769112102609	0.929609026767696	1.17239101648701
0.958484224029392	0.531709014997862	1.36009762053947
0.0441636618644431	0.562941844734025	1.72788501377835
0.747937700204432	0.581348618198686	1.01225084658323
0.252728447699916	0.60903395139911	2.03876369033329
0.860011264597118	0.836701006397076	1.28221690185046
0.246051528094337	0.718819037729378	1.37761328599501
0.386406127334346	0.87424838601406	1.08952786571959
0.236417151425359	0.436312265336877	1.31805085187792
0.142071859476214	0.430530810895836	1.5903941376133
0.998252317086703	0.81709831218127	1.46641184565143
0.961377902081235	0.696263681769644	1.76391916877647
0.547111437504892	0.0430275355356475	1.57840850845511
0.278795204794873	0.668025512083768	2.07121305966273
0.326402322787471	0.85009240104671	1.06554929243023
0.471658695312945	0.82605601348126	2.20565145446502
0.515462010228679	0.759920048289872	1.5154417873659
0.32817297740458	0.564188935306416	1.06285452379732
0.434599970016809	0.831120143384305	1.09937670706076
0.339798189863305	0.791444342714567	1.18428199645731
0.528888848269189	0.637391058160131	1.37035054674778
0.559176452121159	0.635762685483774	1.0737528977607
0.52598301298944	0.725159889474954	1.58212673957135
0.651540259423836	0.316755451812869	1.20932547814708
0.54587683175929	0.568465674864131	1.34036559064559
0.54565612769279	0.701485867223925	1.11210352792164
0.645129265405909	0.646948209803253	1.23671312968557
0.817151331232343	0.738648652804499	1.28210317177036
0.697408605922998	0.555568807835613	1.12301988161769
0.148907127830795	0.742180761664471	1.21228541986544
0.593599309848763	0.783439926803308	1.10265371179176
0.767948370647764	0.557444061785208	1.67321789787885
0.804665185842291	0.708955663056175	1.1571778621827
0.992414556026303	0.731618882797952	1.21379767106953
0.726806177204994	0.857049327068183	1.43843692957646
0.225688403918019	0.738153370743083	1.0009904939709
0.844407227229341	0.566646270104821	1.19481092080636
0.160186499800537	0.842206492684826	1.98315540441466
0.157243107349208	0.691527138932866	1.03513774066293
0.0139636342148011	0.538867413400669	1.61931131273242
0.106634154036806	0.693342093098202	1.04068983981512
0.132297106208438	0.712984388270317	1.85153480867336
0.299777747284152	0.701567051223438	1.45895818136779
0.186460100592932	0.635259515390516	1.53799583376413
0.313054390424639	0.451552590774719	1.36668203964565
0.175958910452491	0.756387457807715	1.50273466718013
0.428339344953651	0.614107150942476	1.13567124703085
0.194288923534008	0.126244228274725	1.07304470242987
0.425031166154237	0.573832233794023	2.02788871503118
0.297576340181926	0.568655450032974	1.45832046206195
0.526702307871192	0.789052604841945	1.15357887791184
0.569515884267227	0.550877130601405	1.11978377839416
0.491573427522605	0.93125834451281	1.09522550824105
0.66612122826113	0.550809820248683	1.61320253146111
0.337252866306663	0.0579739017137085	1.29998306024868
0.900732542406757	0.62842395032196	1.22752871701701
0.536256354034762	0.89879300511506	1.1123317285852
0.65567436708569	0.613007669619871	2.08135110011091
0.684983389023392	0.635459987744498	1.20116078783392
0.733428802131232	0.692430945154189	1.52283047446977
0.742796350858733	0.633170780759456	1.26841661782721
0.767566669192099	0.495937055875978	1.67609575256762
0.876582882989777	0.864404600222928	1.31067208899533
0.645362540756393	0.675320988616243	1.07839029108714
0.787510494879001	0.832269828382404	2.18664911875663
0.211706118919277	0.766375986776239	1.76501115883651
0.86915535929495	0.72513407066515	1.12336363901964
0.145862220095875	0.876675760841595	1.36696470113319
0.30556646871471	0.832041433862873	1.14372828088952
0.473183686059139	0.196206282598316	1.74303258125043
0.0394391780360003	0.408816540448687	2.1108031147058
0.311507267522705	0.731360354861233	1.07063450656092
0.109353994654374	0.887443467664104	2.19429591534081
0.166278495528888	0.661527949437034	1.31549693016323
0.23235151478095	0.545712886198532	2.17759525140988
0.220047836226121	0.625351975847531	1.3269356585794
0.314702335233612	0.674225694636375	1.05498707453072
0.334992297702449	0.822540499769555	1.30359849198232
0.455143589394652	0.89358891061167	1.2922590362294
0.34314865327248	0.611070898103306	1.45923107501555
0.204516180444154	0.569181367003644	1.15627319081658
0.285398526805274	0.511394182706464	1.5503893779594
0.332977496384134	0.878130723049507	1.10606369027278
0.467436294075549	0.729023291253611	1.08122369696772
0.586656998691073	0.721013748794514	1.06382161801998
0.773481334148344	0.694917391680733	1.96547781324181
0.673493883911377	0.664852107496003	1.52088374839131
0.489707283015548	0.901849608622074	1.27214888679182
0.943500112643185	0.785036490580166	1.92523662608198
0.586862949350409	0.64261400359901	1.36264216258986
0.790951346640465	0.581507625956748	1.19825067411513
0.646531362041519	0.790789497189566	1.13492513969828
0.0484663468181282	0.655991418090301	1.52412528988203
0.991611330701141	0.590133299068777	1.16345203009862
0.782625346325359	0.66285498428354	1.09515231884928
0.863105955415376	0.781187172678438	1.31701347251931
0.689925306525451	0.607639463571087	1.09635238929365
0.839415078171815	0.70830127035365	2.12692533682296
0.117652239161517	0.64354323314212	1.07892393551229
0.0146920753835348	0.990330491253442	1.12408087326506
0.232004290750916	0.113933067462666	1.25058058579508
0.937511560712947	0.844670821015887	1.88195299211349
0.102625417569813	0.380965866650034	1.19728014795393
0.997151627060383	0.467581177729651	1.5755434131739
0.27974364135116	0.631858618022715	1.30728254947648
0.0992227072921139	0.47046921321016	1.19042337083356
0.329474890318914	0.203988906295898	1.01250604034335
0.185748383243883	0.818464025213458	1.15282537433377
0.474917751649319	0.988718374031218	2.0409611946885
0.219261538355959	0.0371587508345613	1.74747638705263
0.327589718928152	0.423332409983333	1.14801767680912
0.273320484341093	0.782549806805008	1.08739502410934
0.123645799255158	0.533315150855285	1.92559016627716
0.649042648739731	0.738486793956666	1.23223784320628
0.368528934048143	0.921715092206432	1.08834472709163
0.268211024572806	0.700048378771558	1.18541479305775
0.409533876952053	0.123755014605895	1.24930170062258
0.73723864501372	0.605751591701725	1.07468881344622
0.546813718818157	0.604343384434591	2.0490207626448
0.683173928970022	0.524166638335423	1.1453586932497
0.560494395259308	0.787501790351288	1.90032853177781
0.496029441053398	0.733018867644158	1.10197556457818
0.713873965626021	0.621896115083381	1.2068962667015
0.771981084863723	0.637619047888975	1.11273162273813
0.750722815989288	0.723884662035853	1.38168310134946
0.826972184533867	0.775674829271578	1.85808573326011
0.827059445744742	0.836966837273411	1.50823556138453
0.79201677444627	0.790354642261319	1.48439430441429
0.0211049170981364	0.715077296123303	1.42551841103601
0.92532318290863	0.813331721462573	1.08752040910706
0.997508160609734	0.759591138379775	1.06314068102848
0.0753079489397233	0.675044532716235	1.13076627974022
0.901203005800352	0.957954250660462	1.14398051054314
0.203536891422698	0.521497024542996	1.30789355766261
0.912471248512951	0.316862030101373	1.34902259988735
0.982280022735663	0.558753786681937	1.58729944184074
0.861416127822821	0.479041380602113	1.05399742021459
0.249562221991798	0.173619099438583	1.45451685375767
0.206345586298348	0.88711028496487	2.09451603284429
0.257551238127296	0.522239630950881	1.04322340245845
0.143852983998819	0.911290933717222	1.58993895881851
0.407720869283493	0.718761322812316	1.20890115529603
0.272449058066838	0.997096402790484	1.10143885058399
0.0826896512085658	0.112363022536054	1.00458787941083
0.559276539367844	0.727190493835117	1.20506050172475
0.305322711630503	0.796858444001506	2.09476212815899
0.404274149452586	0.927489071627407	1.40111525256987
0.467611382674043	0.919595153037694	1.0155541562098
0.476665048317012	0.759368029324941	1.79137946149099
0.676330315014149	0.0378215450221285	1.1157621649871
0.515443983002249	0.915931979631181	1.08713421260813
0.650345057711547	0.910164946390036	1.03616326454711
0.665592139970146	0.888241409576806	1.09950215592406
0.617031743192729	0.80563516058866	1.47448555310407
0.731848395325024	0.797439079213998	1.25525635227041
0.821540943130082	0.516604531149809	1.19031383809574
0.649578944898892	0.821949742959168	1.59970979577081
0.656958246322329	0.705409693385623	1.77441208277268
0.570830921652799	0.892280172482709	2.06452998915747
0.702032793179479	0.786469156044367	1.13511583809784
0.843239220341812	0.868687716155268	1.51831112356734
0.0486365545710922	0.692564216041154	1.47163987018468
0.682317461267076	0.728733457836079	1.15692475423882
0.129079113944924	0.0381301612967443	1.0097927726835
0.0448268483034504	0.0447801355285428	1.13953783452237
0.387910033995413	0.785992274923499	1.15418289472967
0.168060417181578	0.719056471181964	1.22786583741128
0.311839530817628	0.964108574847065	1.43247899565719
0.849152983191969	0.747458217564471	1.35677616975586
0.198487904711344	0.922090063786331	1.1666338017141
0.451786018308674	0.596638259280727	1.22235043637637
0.214084894838803	0.976761848636471	1.04258607686515
0.293912154413458	0.0872014112789657	1.04499181851462
0.314743433374233	0.902859065488628	1.41148681210413
0.12259617258618	0.745521966507954	1.00881987872384
0.139893576776977	0.776838694899277	2.03785120161508
0.393254307563987	0.748750009740542	1.49674657420483
0.539658418521443	0.812693919976849	1.03175970740725
0.144041097915043	0.592001186108124	1.82084947395234
0.317185567869791	0.0361599738606618	1.17000241250307
0.30195254033223	0.868243532812246	1.65373977649972
0.586463981835574	0.811445880551808	1.18156322584397
0.69236605777511	0.89687395787644	1.00292881345173
0.714035449868862	0.657148581392702	1.92250581855394
0.845971753214278	0.148302288219613	1.62872573533396
0.454088792515982	0.680470834727094	1.09273934011125
0.594144917400324	0.565798193662329	1.06947389230301
0.572631538711472	0.697264862946748	1.19201531171708
0.746668957347461	0.930616257563874	1.17772030505441
0.612535665573108	0.0589490894588319	2.15821686170166
0.799518486241907	0.641281686633517	1.0854135920149
0.571731267143775	0.0967638451114675	1.02633998266105
0.781389641949971	0.872195310456338	1.18196067317539
0.819301806257449	0.899719112349912	1.58109283532642
0.706213332462042	0.822155097266682	1.93557662136671
0.0845577402904108	0.640802930833326	1.88832104970208
0.294240342602522	0.758319729039846	1.48357767178376
0.981554408883318	0.785725206202342	1.48048616463543
0.762537194364183	0.800173587289168	1.25156397965261
0.0844694023683644	0.0839071399622793	1.06152818560245
0.250478453720342	0.841047041711406	1.08720575850374
0.102765320528851	0.726896862257734	1.08716558826499
0.0995921877835328	0.830812555482637	1.21622973049531
0.133353012772543	0.154557547195247	1.01355813275595
0.232398208857949	0.863900263530022	1.11337939889904
0.345347988815824	0.732779374267304	1.88652706860956
0.167398047761239	0.00710936377205587	1.17404474015828
0.349044541650047	0.185005258358563	1.19871212664706
0.366377075546139	0.000966086695117417	1.03375507392119
0.417248349496	0.776012956042993	1.61068353605708
0.338467991181645	0.987095432254836	1.51180422732716
0.303465470835807	0.113767520478147	1.16340599229758
0.279292165915262	0.969342923713933	1.19140285312055
0.305902090347258	0.647993016939269	1.09025088855138
0.598901075221473	0.870216129088374	1.26533596298067
0.544096853362143	0.873626819085481	1.01749683470715
0.317572781848594	0.00925376663117046	1.02772291970228
0.657915843116025	0.939348244509243	1.55218899614209
0.491050398643877	0.958732289993246	1.15226800651591
0.574367590753647	0.122783438333962	1.13300264175783
0.796339454098609	0.759766595622002	1.13627899721892
0.680739034353513	0.154692118908531	1.61591418632255
0.0280829026449703	0.960043748824931	1.60754802823677
0.147303124651435	0.631980574482746	1.49331403947937
0.930688671825328	0.911318110814699	1.33825227751822
0.986055316764257	0.666337841653366	1.57517265452852
0.998693264087598	0.940676772975037	1.33680926439974
0.792109622909922	0.0338311463539084	1.21894890005492
0.895367810781787	0.831340711139643	1.91357903651736
0.63204200142968	0.88426640955277	1.67561939936056
0.906779163398273	0.692082467630952	1.19220200897121
0.00418233169078084	0.873820039454337	1.03392457171175
0.0980384044221092	0.991065126427739	1.45335442416997
0.308927264964851	0.617830402245216	1.49229995778035
0.161401797090633	0.521392159715951	1.47555373582149
0.21479434300269	0.836451641039543	1.86639764463282
0.242270024684228	0.788660374784454	1.50872104308049
0.193718727933501	0.0172444349448388	1.09190948112001
0.562920064271283	0.825529721345878	1.03367441490056
0.358578035769038	0.853598216398794	1.93405079785127
0.669276317540024	0.121759139361288	1.36779335265433
0.0673146668527667	0.844422909579303	1.32532460408447
0.395548387637627	0.990970110436945	1.31528116425024
0.241507500542888	0.891627647916275	1.17018443502648
0.536618219102651	0.844175471949842	1.79103004432265
0.471244664698779	0.109920640092315	1.20711799618051
0.404461202609596	0.66416683080812	1.04358465677836
0.632940066284904	0.0281309195133009	1.2189889076404
0.566507326080802	0.958690715492615	2.06613165551106
0.558602634549249	0.989974387518784	1.01290996011122
0.932128391174035	0.545592967960944	1.0232903354125
0.588815053900865	0.986681178874693	1.20779961112013
0.770414859662803	0.00738322186152145	1.81323880575048
0.715448841531289	0.954904197763248	1.12440047296788
0.876854320557949	0.923654638025049	1.05624534752613
0.732120848398855	0.744898275276365	1.03943160374992
0.0664254472297205	0.880961070416554	1.72000007387527
0.615048578890707	0.664728030596104	1.69990833624873
0.900359900202048	0.79200235073323	1.55856476470533
0.896830754773931	0.895139470553059	2.04419940770718
0.96854501608065	0.920386706555453	1.66940054586004
0.784015600430801	0.731982072836974	1.38139438029555
0.0579675217994706	0.594105763251796	1.15572129045857
0.914098818772744	0.105862183675696	1.27947056986437
0.076748143550281	0.736316070439574	1.1237173258399
0.219458600668251	0.148470596312057	2.12621523028421
0.257734524195893	0.914093060753199	1.08831534651512
0.0504565135873796	0.725142804109634	1.1452941980069
0.440058410720144	0.802045266191181	1.32943798631246
0.41798117381848	0.890301604908234	1.94934211845221
0.379443180965281	0.11750216767085	1.26912075145842
0.235573346547795	0.0768119131121577	1.99238013350906
0.601115605989758	0.181537220711896	1.27517866221874
0.938444114416532	0.0112652559456778	1.65585292334784
0.248505039114657	0.0137456241529009	1.25458520278645
0.506475295306421	0.199351508187001	1.16696770546149
0.503244397523084	0.84756379834651	1.08904247895455
0.217715318575834	0.947706437270429	1.60785949006053
0.619702109902452	0.844089627616161	1.67617148697489
0.627737493940749	0.0912232151843222	1.24141328873168
0.711991684881065	0.921842392828665	1.80350768405624
0.729148320735766	0.987222945843429	2.10039177485652
0.380402445821155	0.946699242653385	1.20863870138586
0.549691252545994	0.92494560729039	1.44441278512874
0.815605606004582	0.808570999640862	1.08748363673442
0.695158933830284	0.694902250156186	1.6898228236339
0.745537802073353	0.827428235681561	1.6023855143209
0.0516281773447777	0.911844962278195	1.11055792729024
0.760627751566612	0.763567436105801	2.07422324509748
0.880601353977623	0.212454817311711	1.71515451099504
0.677575533178613	0.917082027896959	1.00613735877932
0.930155914678534	0.879622200210141	1.18273937029213
0.739524089526445	0.905202833711548	1.05913407244309
0.132717470387456	0.670997832298588	1.76730311812758
0.0261381605425725	0.59906358760199	1.69775279250685
0.0367305234646778	0.822705570086515	1.9771268468804
0.097478801329942	0.759377794751036	1.50265627869079
0.149660979990748	0.0597130209448163	1.29310980122998
0.0267032734068673	0.926419318670033	1.086332732289
0.211197158123166	0.801304274216221	1.25377674926463
0.174971582062312	0.0784856862918133	1.20116631219102
0.346228396234451	0.0240884624965307	1.56213397995915
0.174604152286874	0.903864198582265	1.18025820344413
0.378917118318457	0.194433195493494	1.42002066443572
0.0808096219104896	0.0500358433376662	1.33012690746014
0.906449818555327	0.00735763572604593	1.20079139423515
0.284595175841277	0.0282323948937526	1.92141103375602
0.0924046286057205	0.857958505429912	1.06712934896906
0.359956031050764	0.892251844480602	1.46085241786668
0.319685803936436	0.933079809659815	1.1316539371341
0.761857675963433	0.112288154567417	1.37812166506928
0.250485285507193	0.943252524763481	1.18069397580689
0.651379145699969	0.0557455119853661	1.50655245906366
0.474518646612063	0.0552243894258166	1.07730462171419
0.830605180273793	0.639745968548254	1.59173455195663
0.805954512383013	0.611330078814704	1.46817410606533
0.783245233612957	0.136544352452406	1.37164185496485
0.654186877500889	0.857256331463339	1.32592302505975
0.688143469058911	0.945412288004579	1.15270334925115
0.795174075212642	0.973627477310893	1.72575650541319
0.915589299698015	0.739764100487959	1.03280399965705
0.956659643692899	0.86993236034074	1.00153810955368
0.764272710188874	0.0400318125342415	1.01470334483646
0.750705348779992	0.880296264850479	1.32432589562581
